2017 jan 99,85
2017 fev 98,76
2017 mar 99,12
2017 abr 97,94
2017 mai 99,63
2017 jun 98,45
2017 jul 99,91
2017 ago 97,88
2017 set 98,23
2017 out 99,50
2017 nov 98,67
2017 dez 99,09
2018 jan 97,56
2018 fev 99,82
2018 mar 98,34
2018 abr 99,15
2018 mai 97,89
2018 jun 99,73
2018 jul 98,42
2018 ago 99,96
2018 set 97,77
2018 out 98,55
2018 nov 99,31
2018 dez 98,90
2019 jan 97,65
2019 fev 99,88
2019 mar 98,21
2019 abr 99,44
2019 mai 97,93
2019 jun 99,66
2019 jul 98,39
2019 ago 99,87
2019 set 97,80
2019 out 98,62
2019 nov 99,25
2019 dez 98,95
2020 jan 97,58
2020 fev 99,79
2020 mar 98,36
2020 abr 99,18
2020 mai 97,91
2020 jun 99,72
2020 jul 98,47
2020 ago 99,92
2020 set 97,84
2020 out 98,59
2020 nov 99,33
2020 dez 98,88
2021 jan 97,61
2021 fev 99,85
2021 mar 98,29
2021 abr 99,41
2021 mai 97,95
2021 jun 99,68
2021 jul 98,44
2021 ago 99,89
2021 set 97,78
2021 out 98,64
2021 nov 99,27
2021 dez 98,93
2022 jan 97,63
2022 fev 99,87
2022 mar 98,32
2022 abr 99,46
2022 mai 97,97
2022 jun 99,70
2022 jul 98,40
2022 ago 99,90
2022 set 97,81
2022 out 98,66
2022 nov 99,29
2022 dez 98,96
2023 jan 97,67
2023 fev 99,84
2023 mar 98,35
2023 abr 99,48
2023 mai 97,99
2023 jun 99,71
2023 jul 98,38
2023 ago 99,93
2023 set 97,83
2023 out 98,68
2023 nov 99,30
2023 dez 98,97
2024 jan 97,69
2024 fev 99,86
2024 mar 98,37
2024 abr 99,49
2024 mai 98,01
2024 jun 99,74
2024 jul 98,41
2024 ago 99,94
2024 set 97,85
2024 out 98,70
2024 nov 99,32
2024 dez 98,98
2025 jan 97,71
2025 fev 99,83
2025 mar 98,50